 0.0 0.0000 0.0000 0.0000 0.0000 0.0000 0.0000 0.0000 0.0000
 0.2 0.0067 0.0027 0.0013 0.0007 0.0003 0.0002 0.0001 0.0001
 0.4 0.0264 0.0108 0.0054 0.0027 0.0014 0.0007 0.0004 0.0003
 0.6 0.0587 0.0245 0.0124 0.0063 0.0032 0.0016 0.0010 0.0008
 0.8 0.1025 0.0441 0.0227 0.0116 0.0059 0.0030 0.0019 0.0015
 1.0 0.1565 0.0702 0.0368 0.0190 0.0097 0.0049 0.0032 0.0025
 1.2 0.2189 0.1031 0.0553 0.0289 0.0149 0.0076 0.0050 0.0039
 1.4 0.2877 0.1434 0.0791 0.0421 0.0220 0.0114 0.0074 0.0058
 1.6 0.3604 0.1916 0.1092 0.0595 0.0316 0.0165 0.0107 0.0085
 1.8 0.4347 0.2479 0.1471 0.0824 0.0444 0.0234 0.0154 0.0122
 2.0 0.5084 0.3121 0.1940 0.1124 0.0619 0.0331 0.0219 0.0173
 2.2 0.5792 0.3837 0.2515 0.1518 0.0858 0.0465 0.0310 0.0240
 2.4 0.6455 0.4612 0.3209 0.2035 0.1189 0.0657 0.0441 0.0352
 2.6 0.7060 0.5426 0.4029 0.2710 0.1650 0.0933 0.0633 0.0508
 2.8 0.7599 0.6253 0.4969 0.3580 0.2300 0.1343 0.0923 0.0746
 3.0 0.8070 0.7059 0.6009 0.4681 0.3220 0.1966 0.1376 0.1122
 3.2 0.8472 0.7814 0.7101 0.6022 0.4518 0.2940 0.2114 0.1745
 3.4 0.8810 0.8488 0.8181 0.7565 0.6305 0.4498 0.3373 0.2838
 3.6 0.9089 0.9064 0.9171 0.9190 0.8622 0.7001 0.5617 0.4871
 3.8 0.9315 0.9529 1.0001 1.0700 1.1280 1.0827 0.9678 0.8844
 3.9 0.9411 0.9721 1.0340 1.1342 1.2573 1.3213 1.2691 1.2057
 4.0 0.9496 0.9885 1.0624 1.1877 1.3716 1.5688 1.6328 1.6273
 4.1 0.9572 1.0025 1.0853 1.2290 1.4613 1.7917 2.0143 2.1153
 4.2 0.9639 1.0141 1.1028 1.2577 1.5199 1.9486 2.3209 2.5474
 4.3 0.9699 1.0235 1.1154 1.2740 1.5454 2.0114 2.4546 2.7513
 4.4 0.9751 1.0309 1.1233 1.2791 1.5402 1.9796 2.3886 2.6576
 4.5 0.9796 1.0365 1.1272 1.2747 1.5102 1.8772 2.1837 2.3659
 4.6 0.9836 1.0406 1.1276 1.2624 1.4626 1.7367 1.9257 2.0188
 4.8 0.9900 1.0448 1.1204 1.2224 1.3418 1.4404 1.4559 1.4414
 5.0 0.9948 1.0451 1.1059 1.1721 1.2179 1.1973 1.1306 1.0786
 5.2 0.9983 1.0427 1.0878 1.1207 1.1104 1.0221 0.9237 0.8620
 5.4 1.0007 1.0386 1.0687 1.0738 1.0249 0.9027 0.7950 0.7329
 5.6 1.0024 1.0337 1.0504 1.0340 0.9610 0.8250 0.7180 0.6586
 5.8 1.0035 1.0285 1.0338 1.0020 0.9163 0.7788 0.6773 0.6219
 6.0 1.0042 1.0233 1.0197 0.9780 0.8880 0.7572 0.6644 0.6139
 6.2 1.0045 1.0185 1.0081 0.9614 0.8736 0.7558 0.6749 0.6309
 6.4 1.0047 1.0142 0.9992 0.9513 0.8710 0.7715 0.7066 0.6717
 6.6 1.0046 1.0105 0.9927 0.9468 0.8780 0.8020 0.7582 0.7364
 6.8 1.0044 1.0074 0.9883 0.9469 0.8927 0.8446 0.8276 0.8241
 7.0 1.0042 1.0048 0.9857 0.9506 0.9130 0.8959 0.9097 0.9289
 7.2 1.0039 1.0027 0.9846 0.9568 0.9368 0.9510 0.9951 1.0364
 7.4 1.0036 1.0012 0.9847 0.9647 0.9619 1.0046 1.0714 1.1258
 7.6 1.0033 1.0000 0.9856 0.9732 0.9860 1.0511 1.1281 1.1812
 7.8 1.0030 0.9991 0.9871 0.9818 1.0074 1.0865 1.1614 1.2023
 8.2 1.0025 0.9981 0.9908 0.9966 1.0362 1.1161 1.1670 1.1823
 8.6 1.0020 0.9979 0.9945 1.0064 1.0443 1.0941 1.1097 1.1088
 9.0 1.0016 0.9980 0.9976 1.0108 1.0363 1.0452 1.0264 1.0103
 9.4 1.0012 0.9983 0.9997 1.0109 1.0207 0.9975 0.9597 0.9357
 9.8 1.0009 0.9987 1.0009 1.0086 1.0050 0.9658 0.9247 0.9011
10.2 1.0007 0.9990 1.0015 1.0053 0.9935 0.9535 0.9218 0.9059
10.6 1.0005 0.9993 1.0015 1.0022 0.9876 0.9588 0.9462 0.9446
11.0 1.0004 0.9995 1.0014 0.9999 0.9870 0.9760 0.9860 1.0004
11.4 1.0003 0.9997 1.0010 0.9985 0.9901 0.9965 1.0219 1.0436
11.8 1.0002 0.9999 1.0007 0.9980 0.9947 1.0122 1.0389 1.0543
12.2 1.0001 0.9999 1.0004 0.9981 0.9991 1.0192 1.0363 1.0406
12.6 1.0001 1.0000 1.0002 0.9985 1.0022 1.0181 1.0229 1.0192
13.0 1.0000 1.0000 1.0000 0.9990 1.0037 1.0118 1.0066 0.9990
13.8 1.0000 1.0001 0.9999 1.0000 1.0028 0.9972 0.9842 0.9764
14.6 1.0000 1.0001 0.9999 1.0003 1.0003 0.9923 0.9872 0.9874
15.4 1.0000 1.0000 0.9999 1.0003 0.9990 0.9970 1.0027 1.0087
16.2 1.0000 1.0000 1.0000 1.0001 0.9992 1.0021 1.0081 1.0105
17.0 1.0000 1.0000 1.0000 1.0000 0.9998 1.0027 1.0029 1.0009
17.8 1.0000 1.0000 1.0000 1.0000 1.0002 1.0006 0.9973 0.9947
18.6 1.0000 1.0000 1.0000 1.0000 1.0002 0.9990 0.9968 0.9965
19.4 1.0000 1.0000 1.0000 1.0000 1.0001 0.9991 0.9997 1.0011
20.2 1.0000 1.0000 1.0000 1.0000 1.0000 0.9999 1.0015 1.0026
21.0 1.0000 1.0000 1.0000 1.0000 1.0000 1.0000 1.0000 1.0000
